,year,month,temperature
0,2023,12,1.8788161277770996
1,2024,1,1.7115496397018433
2,2024,2,1.5541175603866577
3,2024,3,1.4043830633163452
4,2024,4,1.3149256706237793
5,2024,5,1.3746821880340576
6,2024,6,1.4355335235595703
7,2024,7,2.0627942085266113
8,2024,8,1.8602858781814575
9,2024,9,1.8485219478607178
10,2024,10,1.770101547241211
11,2024,11,1.720378041267395
12,2033,12,1.9715510606765747
13,2034,1,2.1263601779937744
14,2034,2,1.8541370630264282
15,2034,3,1.8524219989776611
16,2034,4,1.3342047929763794
17,2034,5,1.6287306547164917
18,2034,6,1.7259773015975952
19,2034,7,2.2002065181732178
20,2034,8,2.417948007583618
21,2034,9,2.3208510875701904
22,2034,10,2.0577940940856934
23,2034,11,1.854560136795044
24,2043,12,2.2044363021850586
25,2044,1,2.4168460369110107
26,2044,2,2.019752264022827
27,2044,3,1.9366778135299683
28,2044,4,1.4362108707427979
29,2044,5,1.7995260953903198
30,2044,6,1.8891797065734863
31,2044,7,2.484893560409546
32,2044,8,2.8759639263153076
33,2044,9,2.5878279209136963
34,2044,10,2.12565016746521
35,2044,11,1.9832873344421387
36,2053,12,2.2645909786224365
37,2054,1,2.569366455078125
38,2054,2,2.0559635162353516
39,2054,3,1.8743609189987183
40,2054,4,1.5448287725448608
41,2054,5,1.958997368812561
42,2054,6,2.0242795944213867
43,2054,7,2.7456579208374023
44,2054,8,3.1899852752685547
45,2054,9,2.8323819637298584
46,2054,10,2.19114089012146
47,2054,11,2.0824496746063232
48,2063,12,2.4526407718658447
49,2064,1,2.745518207550049
50,2064,2,2.1960177421569824
51,2064,3,1.8807874917984009
52,2064,4,1.7546851634979248
53,2064,5,2.077086925506592
54,2064,6,2.087094306945801
55,2064,7,3.118675470352173
56,2064,8,3.302971839904785
57,2064,9,3.128248691558838
58,2064,10,2.332988739013672
59,2064,11,2.086468458175659
60,2073,12,2.630025625228882
61,2074,1,2.9728591442108154
62,2074,2,2.267869710922241
63,2074,3,1.984134316444397
64,2074,4,2.1562795639038086
65,2074,5,2.2930009365081787
66,2074,6,2.322446584701538
67,2074,7,3.3953065872192383
68,2074,8,3.4458999633789062
69,2074,9,3.262969732284546
70,2074,10,2.530618667602539
71,2074,11,2.1314330101013184
72,2083,12,2.7394235134124756
73,2084,1,2.9793171882629395
74,2084,2,2.4911983013153076
75,2084,3,2.176395893096924
76,2084,4,2.3643925189971924
77,2084,5,2.4238603115081787
78,2084,6,2.4562695026397705
79,2084,7,3.5692031383514404
80,2084,8,3.5775976181030273
81,2084,9,3.3327410221099854
82,2084,10,2.7073090076446533
83,2084,11,2.3582465648651123
