,year,month,temperature
0,2023,12,1.8953142166137695
1,2024,1,1.6279547214508057
2,2024,2,1.5116394758224487
3,2024,3,1.3875401020050049
4,2024,4,1.2792999744415283
5,2024,5,1.3795617818832397
6,2024,6,1.3462860584259033
7,2024,7,1.9605480432510376
8,2024,8,1.7799240350723267
9,2024,9,1.7927353382110596
10,2024,10,1.7326219081878662
11,2024,11,1.7214051485061646
12,2033,12,1.9896601438522339
13,2034,1,2.0387730598449707
14,2034,2,1.7986056804656982
15,2034,3,1.834346055984497
16,2034,4,1.3120909929275513
17,2034,5,1.6104427576065063
18,2034,6,1.6406371593475342
19,2034,7,2.1102941036224365
20,2034,8,2.286709785461426
21,2034,9,2.2479405403137207
22,2034,10,2.010732889175415
23,2034,11,1.82975435256958
24,2043,12,2.2117786407470703
25,2044,1,2.324779987335205
26,2044,2,1.9847931861877441
27,2044,3,1.9181797504425049
28,2044,4,1.4139912128448486
29,2044,5,1.7563693523406982
30,2044,6,1.8057494163513184
31,2044,7,2.315047025680542
32,2044,8,2.6826047897338867
33,2044,9,2.492154121398926
34,2044,10,2.0891857147216797
35,2044,11,1.953248143196106
36,2053,12,2.275157928466797
37,2054,1,2.496105670928955
38,2054,2,2.0034494400024414
39,2054,3,1.83965265750885
40,2054,4,1.5078414678573608
41,2054,5,1.8747200965881348
42,2054,6,1.9173614978790283
43,2054,7,2.5239832401275635
44,2054,8,2.9258036613464355
45,2054,9,2.6966707706451416
46,2054,10,2.1575605869293213
47,2054,11,2.0430877208709717
48,2063,12,2.4336535930633545
49,2064,1,2.6813032627105713
50,2064,2,2.163637638092041
51,2064,3,1.8448452949523926
52,2064,4,1.7107462882995605
53,2064,5,1.9928311109542847
54,2064,6,1.9630237817764282
55,2064,7,2.836796522140503
56,2064,8,3.024815559387207
57,2064,9,2.9812393188476562
58,2064,10,2.2932944297790527
59,2064,11,2.0887222290039062
60,2073,12,2.6276702880859375
61,2074,1,2.936062812805176
62,2074,2,2.2317609786987305
63,2074,3,1.9394382238388062
64,2074,4,2.104858875274658
65,2074,5,2.1947848796844482
66,2074,6,2.1870434284210205
67,2074,7,3.1099863052368164
68,2074,8,3.154975175857544
69,2074,9,3.129157781600952
70,2074,10,2.48561692237854
71,2074,11,2.1461832523345947
72,2083,12,2.698671579360962
73,2084,1,2.9044294357299805
74,2084,2,2.431643486022949
75,2084,3,2.1320972442626953
76,2084,4,2.320321559906006
77,2084,5,2.3300721645355225
78,2084,6,2.337308645248413
79,2084,7,3.3122663497924805
80,2084,8,3.2974281311035156
81,2084,9,3.198064088821411
82,2084,10,2.678718090057373
83,2084,11,2.3694231510162354
