,year,month,temperature
0,2023,12,1.7154240608215332
1,2024,1,1.566649317741394
2,2024,2,1.3775120973587036
3,2024,3,1.2871397733688354
4,2024,4,1.2483928203582764
5,2024,5,1.290156602859497
6,2024,6,1.3613110780715942
7,2024,7,1.822279691696167
8,2024,8,1.7335355281829834
9,2024,9,1.7972286939620972
10,2024,10,1.7398414611816406
11,2024,11,1.5922949314117432
12,2033,12,1.8162189722061157
13,2034,1,1.952514410018921
14,2034,2,1.6315473318099976
15,2034,3,1.704431176185608
16,2034,4,1.265623927116394
17,2034,5,1.5528396368026733
18,2034,6,1.6701375246047974
19,2034,7,2.049551248550415
20,2034,8,2.2304391860961914
21,2034,9,2.2536416053771973
22,2034,10,2.0170531272888184
23,2034,11,1.7087059020996094
24,2043,12,2.085705280303955
25,2044,1,2.2022597789764404
26,2044,2,1.7973545789718628
27,2044,3,1.7723549604415894
28,2044,4,1.341793417930603
29,2044,5,1.7042162418365479
30,2044,6,1.7827684879302979
31,2044,7,2.239719867706299
32,2044,8,2.5701889991760254
33,2044,9,2.4755773544311523
34,2044,10,2.105860471725464
35,2044,11,1.8282610177993774
36,2053,12,2.113896131515503
37,2054,1,2.335231304168701
38,2054,2,1.8851994276046753
39,2054,3,1.7043665647506714
40,2054,4,1.4428379535675049
41,2054,5,1.8309814929962158
42,2054,6,1.8835442066192627
43,2054,7,2.492851972579956
44,2054,8,2.8111460208892822
45,2054,9,2.69769549369812
46,2054,10,2.163153886795044
47,2054,11,1.881080150604248
48,2063,12,2.2826316356658936
49,2064,1,2.5548462867736816
50,2064,2,2.0519614219665527
51,2064,3,1.7364717721939087
52,2064,4,1.6521425247192383
53,2064,5,1.9387130737304688
54,2064,6,1.9559425115585327
55,2064,7,2.753650426864624
56,2064,8,2.897327423095703
57,2064,9,2.995201826095581
58,2064,10,2.3136236667633057
59,2064,11,1.9317408800125122
60,2073,12,2.4467177391052246
61,2074,1,2.792541027069092
62,2074,2,2.105882406234741
63,2074,3,1.8438409566879272
64,2074,4,2.0587809085845947
65,2074,5,2.132814407348633
66,2074,6,2.194465398788452
67,2074,7,3.024731397628784
68,2074,8,3.0485990047454834
69,2074,9,3.1634440422058105
70,2074,10,2.4735419750213623
71,2074,11,2.0102498531341553
72,2083,12,2.53007173538208
73,2084,1,2.808908700942993
74,2084,2,2.3217835426330566
75,2084,3,2.0430948734283447
76,2084,4,2.262016773223877
77,2084,5,2.2983274459838867
78,2084,6,2.3333656787872314
79,2084,7,3.2055211067199707
80,2084,8,3.165370225906372
81,2084,9,3.2414450645446777
82,2084,10,2.667649030685425
83,2084,11,2.2503724098205566
