,year,month,temperature
0,2023,12,1.905548334121704
1,2024,1,1.79923415184021
2,2024,2,1.5588195323944092
3,2024,3,1.3882964849472046
4,2024,4,1.4050092697143555
5,2024,5,1.4307273626327515
6,2024,6,1.6335272789001465
7,2024,7,2.0747923851013184
8,2024,8,1.8925368785858154
9,2024,9,2.004668951034546
10,2024,10,1.8543647527694702
11,2024,11,1.8000751733779907
12,2033,12,2.036959648132324
13,2034,1,2.325244903564453
14,2034,2,1.8754037618637085
15,2034,3,1.802161693572998
16,2034,4,1.4155150651931763
17,2034,5,1.7288273572921753
18,2034,6,2.0061798095703125
19,2034,7,2.4563260078430176
20,2034,8,2.4411699771881104
21,2034,9,2.4716973304748535
22,2034,10,2.107309103012085
23,2034,11,1.992051362991333
24,2043,12,2.2426445484161377
25,2044,1,2.517760992050171
26,2044,2,2.0037429332733154
27,2044,3,1.9292627573013306
28,2044,4,1.5616846084594727
29,2044,5,1.9502103328704834
30,2044,6,2.1868274211883545
31,2044,7,2.7249763011932373
32,2044,8,2.8378467559814453
33,2044,9,2.6998324394226074
34,2044,10,2.2088510990142822
35,2044,11,2.167120933532715
36,2053,12,2.3113279342651367
37,2054,1,2.534125804901123
38,2054,2,2.058307409286499
39,2054,3,1.875970482826233
40,2054,4,1.6630380153656006
41,2054,5,2.13569974899292
42,2054,6,2.3032047748565674
43,2054,7,3.127976179122925
44,2054,8,3.2297511100769043
45,2054,9,2.966161012649536
46,2054,10,2.3107566833496094
47,2054,11,2.2814857959747314
48,2063,12,2.526766777038574
49,2064,1,2.618791103363037
50,2064,2,2.198779344558716
51,2064,3,1.8781365156173706
52,2064,4,1.8605339527130127
53,2064,5,2.2347030639648438
54,2064,6,2.3931853771209717
55,2064,7,3.420469045639038
56,2064,8,3.3157875537872314
57,2064,9,3.2447938919067383
58,2064,10,2.4811251163482666
59,2064,11,2.203723192214966
60,2073,12,2.662363052368164
61,2074,1,2.7696783542633057
62,2074,2,2.293893814086914
63,2074,3,1.9909089803695679
64,2074,4,2.2000999450683594
65,2074,5,2.447331666946411
66,2074,6,2.603870153427124
67,2074,7,3.730257511138916
68,2074,8,3.497680187225342
69,2074,9,3.407348155975342
70,2074,10,2.6741487979888916
71,2074,11,2.2457163333892822
72,2083,12,2.8140876293182373
73,2084,1,2.9435348510742188
74,2084,2,2.5493414402008057
75,2084,3,2.189207077026367
76,2084,4,2.2830116748809814
77,2084,5,2.5755836963653564
78,2084,6,2.607908010482788
79,2084,7,3.754962921142578
80,2084,8,3.531318426132202
81,2084,9,3.4495091438293457
82,2084,10,2.8455634117126465
83,2084,11,2.5043435096740723
