,year,month,temperature
0,2023,12,1.970084309577942
1,2024,1,1.8281241655349731
2,2024,2,1.636678695678711
3,2024,3,1.428391456604004
4,2024,4,1.3976404666900635
5,2024,5,1.429799199104309
6,2024,6,1.6261506080627441
7,2024,7,2.1825242042541504
8,2024,8,2.1039090156555176
9,2024,9,1.9985634088516235
10,2024,10,1.8524525165557861
11,2024,11,1.8046208620071411
12,2033,12,2.0625720024108887
13,2034,1,2.2829246520996094
14,2034,2,1.9490383863449097
15,2034,3,1.8576675653457642
16,2034,4,1.409082055091858
17,2034,5,1.7353917360305786
18,2034,6,1.9125601053237915
19,2034,7,2.3831775188446045
20,2034,8,2.7330870628356934
21,2034,9,2.4839999675750732
22,2034,10,2.1254642009735107
23,2034,11,2.017443895339966
24,2043,12,2.260469675064087
25,2044,1,2.5713655948638916
26,2044,2,2.112107276916504
27,2044,3,1.9823402166366577
28,2044,4,1.5354474782943726
29,2044,5,1.9384936094284058
30,2044,6,2.0860211849212646
31,2044,7,2.73351788520813
32,2044,8,3.1969032287597656
33,2044,9,2.7653627395629883
34,2044,10,2.210280179977417
35,2044,11,2.170084238052368
36,2053,12,2.354069471359253
37,2054,1,2.7093942165374756
38,2054,2,2.1465611457824707
39,2054,3,1.944116473197937
40,2054,4,1.674109697341919
41,2054,5,2.136014699935913
42,2054,6,2.2588069438934326
43,2054,7,3.126729726791382
44,2054,8,3.7401082515716553
45,2054,9,3.044215440750122
46,2054,10,2.3002288341522217
47,2054,11,2.293698310852051
48,2063,12,2.570718288421631
49,2064,1,2.873436689376831
50,2064,2,2.2788376808166504
51,2064,3,1.968989610671997
52,2064,4,1.904274821281433
53,2064,5,2.272251844406128
54,2064,6,2.34582781791687
55,2064,7,3.5384039878845215
56,2064,8,3.9952218532562256
57,2064,9,3.361337184906006
58,2064,10,2.487844228744507
59,2064,11,2.2093207836151123
60,2073,12,2.737520933151245
61,2074,1,3.039675235748291
62,2074,2,2.358922243118286
63,2074,3,2.081470489501953
64,2074,4,2.302954912185669
65,2074,5,2.491974353790283
66,2074,6,2.5595901012420654
67,2074,7,3.8436644077301025
68,2074,8,4.287952423095703
69,2074,9,3.514361619949341
70,2074,10,2.676676034927368
71,2074,11,2.2660152912139893
72,2083,12,2.882845640182495
73,2084,1,3.055553913116455
74,2084,2,2.613751173019409
75,2084,3,2.2861709594726562
76,2084,4,2.442578077316284
77,2084,5,2.5969865322113037
78,2084,6,2.6489434242248535
79,2084,7,4.003839492797852
80,2084,8,4.364049911499023
81,2084,9,3.5919415950775146
82,2084,10,2.836935043334961
83,2084,11,2.536182165145874
