,year,month,temperature
0,2023,12,1.7452178001403809
1,2024,1,1.5844978094100952
2,2024,2,1.4065629243850708
3,2024,3,1.3049036264419556
4,2024,4,1.2862263917922974
5,2024,5,1.3485522270202637
6,2024,6,1.4199504852294922
7,2024,7,1.9426594972610474
8,2024,8,1.7979673147201538
9,2024,9,1.8219062089920044
10,2024,10,1.752856731414795
11,2024,11,1.618861436843872
12,2033,12,1.8494839668273926
13,2034,1,1.9731290340423584
14,2034,2,1.6507583856582642
15,2034,3,1.7298617362976074
16,2034,4,1.299228549003601
17,2034,5,1.6086429357528687
18,2034,6,1.7479519844055176
19,2034,7,2.1214613914489746
20,2034,8,2.3218374252319336
21,2034,9,2.2912657260894775
22,2034,10,2.05816388130188
23,2034,11,1.7220436334609985
24,2043,12,2.134626865386963
25,2044,1,2.2278339862823486
26,2044,2,1.8320823907852173
27,2044,3,1.793832778930664
28,2044,4,1.3807300329208374
29,2044,5,1.7446238994598389
30,2044,6,1.8732914924621582
31,2044,7,2.358304500579834
32,2044,8,2.7160730361938477
33,2044,9,2.5406017303466797
34,2044,10,2.1540722846984863
35,2044,11,1.8417450189590454
36,2053,12,2.1549465656280518
37,2054,1,2.3594472408294678
38,2054,2,1.9203310012817383
39,2054,3,1.7412316799163818
40,2054,4,1.5039150714874268
41,2054,5,1.8898985385894775
42,2054,6,2.014533042907715
43,2054,7,2.6030898094177246
44,2054,8,2.9618594646453857
45,2054,9,2.7776882648468018
46,2054,10,2.2223339080810547
47,2054,11,1.9046576023101807
48,2063,12,2.3227477073669434
49,2064,1,2.5809998512268066
50,2064,2,2.094119071960449
51,2064,3,1.7761366367340088
52,2064,4,1.7140065431594849
53,2064,5,2.0078585147857666
54,2064,6,2.080813407897949
55,2064,7,2.902843475341797
56,2064,8,3.0593953132629395
57,2064,9,3.087796211242676
58,2064,10,2.3740923404693604
59,2064,11,1.9666242599487305
60,2073,12,2.4832515716552734
61,2074,1,2.825562000274658
62,2074,2,2.144186019897461
63,2074,3,1.893082857131958
64,2074,4,2.1402056217193604
65,2074,5,2.2285075187683105
66,2074,6,2.3217389583587646
67,2074,7,3.156336784362793
68,2074,8,3.1904027462005615
69,2074,9,3.248514413833618
70,2074,10,2.533947706222534
71,2074,11,2.0671746730804443
72,2083,12,2.5589816570281982
73,2084,1,2.8473334312438965
74,2084,2,2.352684736251831
75,2084,3,2.0984065532684326
76,2084,4,2.3469231128692627
77,2084,5,2.3917927742004395
78,2084,6,2.4461781978607178
79,2084,7,3.3483223915100098
80,2084,8,3.307474374771118
81,2084,9,3.321821689605713
82,2084,10,2.7196264266967773
83,2084,11,2.2990341186523438
