,year,month,temperature
0,2023,12,--
1,2024,1,--
2,2024,2,--
3,2024,3,--
4,2024,4,--
5,2024,5,--
6,2024,6,--
7,2024,7,--
8,2024,8,--
9,2024,9,--
10,2024,10,--
11,2024,11,--
12,2033,12,--
13,2034,1,--
14,2034,2,--
15,2034,3,--
16,2034,4,--
17,2034,5,--
18,2034,6,--
19,2034,7,--
20,2034,8,--
21,2034,9,--
22,2034,10,--
23,2034,11,--
24,2043,12,--
25,2044,1,--
26,2044,2,--
27,2044,3,--
28,2044,4,--
29,2044,5,--
30,2044,6,--
31,2044,7,--
32,2044,8,--
33,2044,9,--
34,2044,10,--
35,2044,11,--
36,2053,12,--
37,2054,1,--
38,2054,2,--
39,2054,3,--
40,2054,4,--
41,2054,5,--
42,2054,6,--
43,2054,7,--
44,2054,8,--
45,2054,9,--
46,2054,10,--
47,2054,11,--
48,2063,12,--
49,2064,1,--
50,2064,2,--
51,2064,3,--
52,2064,4,--
53,2064,5,--
54,2064,6,--
55,2064,7,--
56,2064,8,--
57,2064,9,--
58,2064,10,--
59,2064,11,--
60,2073,12,--
61,2074,1,--
62,2074,2,--
63,2074,3,--
64,2074,4,--
65,2074,5,--
66,2074,6,--
67,2074,7,--
68,2074,8,--
69,2074,9,--
70,2074,10,--
71,2074,11,--
72,2083,12,--
73,2084,1,--
74,2084,2,--
75,2084,3,--
76,2084,4,--
77,2084,5,--
78,2084,6,--
79,2084,7,--
80,2084,8,--
81,2084,9,--
82,2084,10,--
83,2084,11,--
