,year,month,temperature
0,2023,12,1.7268773317337036
1,2024,1,1.6160473823547363
2,2024,2,1.4121984243392944
3,2024,3,1.2909520864486694
4,2024,4,1.2463494539260864
5,2024,5,1.2907270193099976
6,2024,6,1.4862267971038818
7,2024,7,2.026502847671509
8,2024,8,1.8499318361282349
9,2024,9,1.8516634702682495
10,2024,10,1.7355602979660034
11,2024,11,1.6573798656463623
12,2033,12,1.8431376218795776
13,2034,1,2.0109829902648926
14,2034,2,1.6907012462615967
15,2034,3,1.6815171241760254
16,2034,4,1.274334192276001
17,2034,5,1.5826399326324463
18,2034,6,1.8018856048583984
19,2034,7,2.253939628601074
20,2034,8,2.3904266357421875
21,2034,9,2.3285882472991943
22,2034,10,2.0352678298950195
23,2034,11,1.7759419679641724
24,2043,12,2.1105284690856934
25,2044,1,2.2609291076660156
26,2044,2,1.839132308959961
27,2044,3,1.7512513399124146
28,2044,4,1.3605378866195679
29,2044,5,1.752304196357727
30,2044,6,1.9845011234283447
31,2044,7,2.5079097747802734
32,2044,8,2.814761161804199
33,2044,9,2.5754289627075195
34,2044,10,2.1238136291503906
35,2044,11,1.8836816549301147
36,2053,12,2.12483286857605
37,2054,1,2.3529751300811768
38,2054,2,1.8969700336456299
39,2054,3,1.6804665327072144
40,2054,4,1.4569034576416016
41,2054,5,1.9218398332595825
42,2054,6,2.0893068313598633
43,2054,7,2.810847520828247
44,2054,8,3.109276533126831
45,2054,9,2.794037342071533
46,2054,10,2.168473482131958
47,2054,11,1.9379678964614868
48,2063,12,2.3246607780456543
49,2064,1,2.5687873363494873
50,2064,2,2.0679450035095215
51,2064,3,1.7128002643585205
52,2064,4,1.6541939973831177
53,2064,5,2.0342278480529785
54,2064,6,2.1442718505859375
55,2064,7,3.1287291049957275
56,2064,8,3.228020668029785
57,2064,9,3.0881834030151367
58,2064,10,2.3028361797332764
59,2064,11,1.9578224420547485
60,2073,12,2.466752290725708
61,2074,1,2.7949070930480957
62,2074,2,2.157569408416748
63,2074,3,1.8240866661071777
64,2074,4,2.034346103668213
65,2074,5,2.2272605895996094
66,2074,6,2.3908398151397705
67,2074,7,3.379243850708008
68,2074,8,3.361330270767212
69,2074,9,3.2652649879455566
70,2074,10,2.478114128112793
71,2074,11,2.0234367847442627
72,2083,12,2.5979433059692383
73,2084,1,2.852721691131592
74,2084,2,2.3989176750183105
75,2084,3,2.0371086597442627
76,2084,4,2.2234275341033936
77,2084,5,2.368908643722534
78,2084,6,2.538663387298584
79,2084,7,3.535773515701294
80,2084,8,3.4885237216949463
81,2084,9,3.34672474861145
82,2084,10,2.687791585922241
83,2084,11,2.2570133209228516
