,year,month,temperature
0,2023,12,1.9787155389785767
1,2024,1,1.7532017230987549
2,2024,2,1.5851093530654907
3,2024,3,1.408474087715149
4,2024,4,1.3570002317428589
5,2024,5,1.3941013813018799
6,2024,6,1.5856175422668457
7,2024,7,2.17297101020813
8,2024,8,1.9490423202514648
9,2024,9,1.958420753479004
10,2024,10,1.8373584747314453
11,2024,11,1.7783942222595215
12,2033,12,2.0429916381835938
13,2034,1,2.1894397735595703
14,2034,2,1.8797553777694702
15,2034,3,1.84572172164917
16,2034,4,1.3708924055099487
17,2034,5,1.6906455755233765
18,2034,6,1.8624167442321777
19,2034,7,2.3426647186279297
20,2034,8,2.585467576980591
21,2034,9,2.4502060413360596
22,2034,10,2.1306943893432617
23,2034,11,1.977461814880371
24,2043,12,2.2566347122192383
25,2044,1,2.474066734313965
26,2044,2,2.046750545501709
27,2044,3,1.9323241710662842
28,2044,4,1.4921404123306274
29,2044,5,1.877676010131836
30,2044,6,2.0363550186157227
31,2044,7,2.686039686203003
32,2044,8,3.0898797512054443
33,2044,9,2.7381932735443115
34,2044,10,2.194624423980713
35,2044,11,2.1156365871429443
36,2053,12,2.320997714996338
37,2054,1,2.6102070808410645
38,2054,2,2.0635921955108643
39,2054,3,1.8787250518798828
40,2054,4,1.6206361055374146
41,2054,5,2.072209358215332
42,2054,6,2.2262823581695557
43,2054,7,3.0408778190612793
44,2054,8,3.5028514862060547
45,2054,9,3.0180675983428955
46,2054,10,2.2758028507232666
47,2054,11,2.2382421493530273
48,2063,12,2.5413875579833984
49,2064,1,2.771193027496338
50,2064,2,2.2046749591827393
51,2064,3,1.9013729095458984
52,2064,4,1.8466615676879883
53,2064,5,2.2043323516845703
54,2064,6,2.290344476699829
55,2064,7,3.458096742630005
56,2064,8,3.641080856323242
57,2064,9,3.327497959136963
58,2064,10,2.4338340759277344
59,2064,11,2.1917755603790283
60,2073,12,2.726309299468994
61,2074,1,2.9644856452941895
62,2074,2,2.2899534702301025
63,2074,3,2.0190086364746094
64,2074,4,2.248748779296875
65,2074,5,2.433173179626465
66,2074,6,2.515634536743164
67,2074,7,3.7510223388671875
68,2074,8,3.8538949489593506
69,2074,9,3.4617273807525635
70,2074,10,2.630384683609009
71,2074,11,2.2510926723480225
72,2083,12,2.8612658977508545
73,2084,1,2.974701404571533
74,2084,2,2.5406923294067383
75,2084,3,2.235511302947998
76,2084,4,2.416762113571167
77,2084,5,2.5369949340820312
78,2084,6,2.6057674884796143
79,2084,7,3.895371198654175
80,2084,8,3.9781150817871094
81,2084,9,3.5230982303619385
82,2084,10,2.7928202152252197
83,2084,11,2.504417657852173
